name: doc
channels:
  - conda-forge
  - defaults
dependencies:
  - alabaster=0.7.12=py_0
  - attrs=21.4.0=pyhd8ed1ab_0
  - babel=2.9.1=pyh44b312d_0
  - beautifulsoup4=4.10.0=pyha770c72_0
  - brotlipy=0.7.0=py310he2412df_1003
  - bzip2=1.0.8=h8ffe710_4
  - ca-certificates=2021.10.8=h5b45459_0
  - certifi=2021.10.8=py310h5588dad_1
  - cffi=1.15.0=py310hcbf9ad4_0
  - charset-normalizer=2.0.12=pyhd8ed1ab_0
  - colorama=0.4.4=pyh9f0ad1d_0
  - cryptography=36.0.1=py310ha857299_0
  - docutils=0.15.2=py310h5588dad_3
  - idna=3.3=pyhd8ed1ab_0
  - imagesize=1.3.0=pyhd8ed1ab_0
  - importlib-metadata=4.11.2=py310h5588dad_0
  - jinja2=3.0.3=pyhd8ed1ab_0
  - libffi=3.4.2=h8ffe710_5
  - libzlib=1.2.11=h8ffe710_1013
  - markdown-it-py=2.0.1=pyhd8ed1ab_0
  - markupsafe=2.1.0=py310he2412df_0
  - mdit-py-plugins=0.3.0=pyhd8ed1ab_0
  - mdurl=0.1.0=pyhd8ed1ab_0
  - mpl-sphinx-theme=3.5.0=pyhd8ed1ab_0
  - myst-parser=0.17.0=pyhd8ed1ab_0
  - numpydoc=1.2=pyhd8ed1ab_0
  - openssl=1.1.1l=h8ffe710_0
  - packaging=21.3=pyhd8ed1ab_0
  - pip=22.0.3=pyhd8ed1ab_0
  - pycparser=2.21=pyhd8ed1ab_0
  - pydata-sphinx-theme=0.8.0=pyhd8ed1ab_0
  - pygments=2.11.2=pyhd8ed1ab_0
  - pyopenssl=22.0.0=pyhd8ed1ab_0
  - pyparsing=3.0.7=pyhd8ed1ab_0
  - pysocks=1.7.1=py310h5588dad_4
  - python=3.10.2=h9a09f29_3_cpython
  - python_abi=3.10=2_cp310
  - pytz=2021.3=pyhd8ed1ab_0
  - pyyaml=6.0=py310he2412df_3
  - requests=2.27.1=pyhd8ed1ab_0
  - rstcheck=3.3.1=pyh9f0ad1d_0
  - setuptools=60.9.3=py310h5588dad_0
  - snowballstemmer=2.2.0=pyhd8ed1ab_0
  - soupsieve=2.3.1=pyhd8ed1ab_0
  - sphinx=4.4.0=pyh6c4a22f_1
  - sphinxcontrib-applehelp=1.0.2=py_0
  - sphinxcontrib-devhelp=1.0.2=py_0
  - sphinxcontrib-htmlhelp=2.0.0=pyhd8ed1ab_0
  - sphinxcontrib-jsmath=1.0.1=py_0
  - sphinxcontrib-qthelp=1.0.3=py_0
  - sphinxcontrib-serializinghtml=1.1.5=pyhd8ed1ab_1
  - sqlite=3.37.0=h8ffe710_0
  - tk=8.6.12=h8ffe710_0
  - typing-extensions=4.1.1=hd8ed1ab_0
  - typing_extensions=4.1.1=pyha770c72_0
  - tzdata=2021e=he74cb21_0
  - ucrt=10.0.20348.0=h57928b3_0
  - urllib3=1.26.8=pyhd8ed1ab_1
  - vc=14.2=hb210afc_6
  - vs2015_runtime=14.29.30037=h902a5da_6
  - wheel=0.37.1=pyhd8ed1ab_0
  - win_inet_pton=1.1.0=py310h5588dad_3
  - xz=5.2.5=h62dcd97_1
  - yaml=0.2.5=h8ffe710_2
  - zipp=3.7.0=pyhd8ed1ab_1
  - pip:
    - appdirs==1.4.4
    - esbonio==0.8.0
    - pydantic==1.8.2
    - pygls==0.11.3
    - typeguard==2.13.3
